# Logisim PLA program table
# R2
0000000 00000000000000000000000000000000  # NOP
0000001 00000000000000000000000000010000  # NO SE QUE
0000010 00000000000000000000000001000000  # ALTRE
0000011 00000000000000000000000001000000
0000100 00000000000000000000000001000000
0000101 00000000000000000000000001000000
0000110 00000000000000000000000001000000
0000111 00000000000000000000000001000000
0001000 00000000000000000000000000000000
0001001 00000000000000000000000000000000
0001010 00000000000000000000000000000000
0001011 00000000000000000000000000000000
0001100 00000000000000000000000000000000
0001101 00000000000000000000000000000000
0001110 00000000000000000000000000000000
0001111 00000000000000000000000000000000
0010000 00000000000000000000000000000000
0010001 00000000000000000000000000000000
0010010 00000000000000000000000000000000
0010011 00000000000000000000000000000000
0010100 00000000000000000000000000000000
0010101 00000000000000000000000000000000
0010110 00000000000000000000000000000000
0010111 00000000000000000000000000000000
0011000 00000000000000000000000000000000
0011001 00000000000000000000000000000000
0011010 00000000000000000000000000000000
0011011 00000000000000000000000000000000
0011100 00000000000000000000000000000000
0011101 00000000000000000000000000000000
0011110 00000000000000000000000000000000
0011111 00000000000000000000000000000000
